00101110111000101000000010101000110011000011101010111010000011001000000110000001110101100100010101110000000100011000100010010010100000010101001011011011100001000011010111000001010000100110001001011100000|
01110111000000101111110101011110010100100001101110100110010111100100000101100110111100111101011001111101010111101111111110100111110100111000010010101110101110001111011001111000100111001111010010100000101|
00011000110001110010100110101111110000011101101000001111011101000010001011000000001011010010010111000111010100101110100010101000010011110010101011010010010011000111000011010110000100001101000111010100101|
01000010000111010010000000011001100000101101101011010011110010100100011111000110100110111111101101100101100011010110110010011010111010010101110011111001101101011001010010111000011110111000101010100001100|
01000011010001100011011100111010111000101011110000001011010001110110010110000100101011111100000011000110011110011110101111111001001001101100111110100100001000110100111111010100110100001000111100001101100|
00100100010101010110000011011010011000011001100110011001000111001101000001000000111001001001000001100100110001100001101000101000101100011111100100100110011011111010110100010000011111111110011000001101010|
10000000000000001000011011110110111101010011001010000101000010100000000000100100010011110011010101111100000011101011100101110011101111101111100010001000000001111000101100000000001000010010110000010100010|
00000110001100010001101110010000000000010111000010011001000001010110001011000111011000101001111010001111010111000000001011100011100011110110111000111111010000010000000111011101000100000000001010011100001|
00000100010000011111100011001010000101010100100010110101010100000100100010000100011010011111010001100010000111001110000001111100101010101101010011110000001110110110000000000010111010100110000010111100110|
00000100000001110000100000111011100100010001100001000101001001000100000110111000111110111010111001100100001010100110011100100010000101001010111110000010001001001000000010101110001100111111100000111100001|
10101110111100001101010010001001101000110000100000000101010101111001111011110111111100111000100000010110011101000110101100101100100100111010011111110111001110000000101101111110101000101010110011101000001|
10011000101011110010110001110011010101000101010010001110100000110000110000000100010000111111010101001100000100001111000110010000010111110100100000101110100010011011010111100001001001000011001011010000100|
10010001100100111101100010110010100100100110101111010010000100010011100010000100000110001010010110001010100101000000100111000110010011110000011000101111000110110011011001011110100011000100000010001000100|
11000010000110100001111110101110111101010011111111001011100110010000001010100111011011101100011000011010010101010010100001011011101101000100000100110100010100110010001101101110101111001111010100100000110|
11111101000111011011101110101010111011100010111001100001110110100011011001110100111000011111010110101111111010011110101001100111001011100101110011100010000111011111000011101110110100111100010011111011001|
00100001011000000100010101101100000011001000010010001111010000011000000001000110000000000001000100010000000011001000100000000000000000010010000001000000001001001000010111001010011001110000100011010001000|
00100101010001100011111111001011100100101000111111001001110110111101011000100101111101101010011011010000110110011011100000010110001001111011110011100011010110101101001110111100000010111100001110101100100|
11101100100001010110001001001010010100101101100101001101010110010010001000100010111000101010000110100001010001000101100001000010001001000000000110100111100001011101001010111001000111001100000101011001010|
01110101010001001101101101001110100101001110111111001001010110110110010101100101101110001011000110011001010010000100100000101000011101011111000011100010000000001110000011101010000010001000101001010011010|
00100100010100000000010000001011100001100010101000001101100110000110001010100000101010001000000010001000001000110000100001000100010001000010100011100010010100010000100010101001100001000000000001001011000|
00000100000001110000010001100010101001110111110010010000011000000100001001000001010001101000111010000100000100100100000000000001000001100010100000111010000000000000000010011000000101001101001010011000100|
10110100000000011000000000001100000100100010001000001001011000000100010001001000100001011100000010001001100000000100000110110010000001110110100000110010100000001001100000010000010000010000000000101001000|
10100110100101111000010111101000100101101110110011101001111110110111011011011101011010111111110111010010001000101000100000000100110011111011110111111000000011000101100011001001001100001100001010110110110|
00010011101001100100010110001010101010100000110000001000010100010100010100100000001000010001010011000101001010111100100001001000000001100001000000101000010000101011001010001000010111101010100010000011100|
11100100001101111010011000101010010100111101100100001001010110010010011001100001111010001000000110000001010000101000110000000010001001000000100010100101100101011001011010111000001111001100000100011000010|
10111101100101000101110101111101100110000110100000011001010010011110011101101110101000111111100001010100110110100010101101110110000101110001110011100111000001000100101110001100011000001110001110000100001|
10111001001101110101100100101001110110001000110100000001010000011010011001000000101000011100010111001010100010001100001000001100100000000000000011100101000100001110001110001011010100000000100011010000010|
00100100000001111011111111000010100100100100110000011001110100101100111010101000101000101001011111000010000010010100100000001000110001110001000000100000000011100000001010111000100111011011001010000000000|
00111001001101010101000110001011100110000010100000000000010001111001001001001100101000011000011011000010010010010100101000001000101001100000000011100001000100000110000110001011010000000000100000010000100|
10100110001101101001011100001010100010100101110010001111101110001010010011110100101000011001001111110100110001100010110010111010110111000000011000100111100000000101000010111001010000101000101100111010010|
00100010011001100000010110001010101010110000110000000000011100010110011101100000001010010001010010001001001101101100110011001000010001100001000011000010000010101011001110101000010111001010001011010001000|
01000100010111100100001000101010001100100010000011001100000001000110001000000010000110001001000000001000000000000100010000000111000000100001100000100010000100100000000110010001010001010101001000100000111|
10101100100101010000000101001010101000011000100010001101010000000100111101000100000001011000000000010010001001010000101100010110100011010000010011000110000000000000100010101000001100001010010100000011000|
10111100110001001001100100001110111000110111100000001011010110000110011001101010101001101001001110100001110000111000110101000001110101000101111010100110010001100100000110101101011110011111011010011000001|
00100101100001110101000110101010110000100010100100001101001001011010111000110000111011010100010010000011110000011110000100010011000010010001110001101111000000100110000010111000010010100000000010000100000|
10100110100101010101000001101001100001100110100010001001011010010111110100000110001101110000110001110000100000001011000101011000100001100001000010001000010100000101010010001011111000000000001010010000000|
10000101000111010111000110001010100000110010110000001001110100000000010001101011111000001011000000101000101001110110100111000000100001000001101010110000000100000000000110010011100001111000000110001000100|
00101110101011110000110000101010101111101010111000001111110101110011101010110001111000111000110100100100110010010011101001000010000011110011110111100011001111000110000010111000010001001100000111111001010|
00000001010101010000101101011010001000100111010000001001010000111010010101000000001000001101011010000100000011000000101100000000100011111001000010110001000001000010001010001000001100000000000111001100000|
00110000000100101000000100001000010001100001110110101101000001100110000000101000010001001000001000111001000010110000100000001011000010100100000010100010000000100000000100000010000110100000101011000000100|