00000000000101111111111001001000100101000001000000010001101000111010010001010001000111001010000110011110000001000011111100010101000111100100000000110000100000110101011010010000010110000101010111000011010|
11110100000001111000100111010101111010100000111000011111001110010111000110101100001001001110011100000101111010111111010001110011000111111010100100100011011111100110101111101000111000110101001100011110111|
10111101010111001110011110001000100001100000101011110101011101000110110110011100010100011010010110011001000000110010101001000010111100001110001100110111000000011001100010011101100001001110111011010011110|
01001010010001100010001100101110111111001011000000100101101101000101111111000110011000011101110101100101101010011000011101010010100010000110000101110100011000001010000010100000001100101100010110011100011|
01100101000101001100100111110110011101111100110010110011101110001100111010010111111110011010101100100010100010101011111000010110000010101011110000111111010000000100011010000011100000100110111110110001000|
01100110110001011001001101000010101100111101101111010011111101100000011011100001111010101110100101011000011010011110110100010100000110110010111001111111110011101010111111101101100000000110001010111011000|
00011100000010000001111100110110000111100111111100011101001000000100011001000101000000011011110110000001011000111001000101001100110001111010000100000110000000110000110101100001000100001101100001011110001|
11110110101001111110100001101010100001010110001100101011100111000111011110111001000011001010101000001111010100111101001000101000101000100001100000100011010010101101000010100000000000100110000101100111010|
00101101001101000011010001001100001000101000101110001010011101001110111000000110011111110110111000011000011001000111100110011110101001101011111011101011011001100010111010011100101110101101001001101011100|
01110011101001001011101011011000110110101110110010001000010000011001001001000010001011001001000000101011100001011001101001010010101101101110100111101100101011000110010010001101010000111001111010100111100|
00100010010101011001110011001010110011111001011000000100011111000010001100000000110101011001110001100110101001100011110101111111010101110111010111001010010000101010100011011010101110000100000101000110110|
00011000001000100000101010100001010101101010101001011110010111010001000101001010111010111110000011001010101101100000100001000001001101000010101101110000100110000111011001100000010011100100110010110101000|
00111100011110000000001101011100110101110000110110111011011000010000010011000011100100010001111110110001000000010110010001001101010110001111100110001101000000010100110111001110001011001001001111000000101|
01011010001001000011101111110111101000100100110101011100110010001011111001011010110111101001110110010011000100000110000001100011010101010010010001000001001001111000001010001000000100100000000011110100010|
10100101011100000011001010111100110111000010110000000100110001010111101000100010101100110010101010100111101101001100011011000111001110000000000010100010110001000000100010001000110001100000001111001101000|
00101010000010000001110111111010111110001000100111100000000111110110010100011010000011011000011101000100100000001110101000110100110010011001000011101011100011000001011010100000000110101101101011000101000|
10000000000111010110101011001101010010011010110100011111011100000100100010001000000110010100111010010011110010111101000111001000101011011000000101001001100010011011110100000111000000110001100101011001111|
00101101010001110101110011001001010100100010100000001101110101101011111011011010000001100110011000000101001101101000101011100000100101011000100000001111111000001010011001000011001011111110000011000000110|
01000111101000000111011010001000101011100101110101001101001100111110011001100010101011111001010100110100001011110001101100011000010000000101101001100001101011010011001100000001010110111100101010011001001|
11010111000111101111001101011111100000111110100110011111010111110011011111010110010110011101110110001011110101011111100101001010110001010001111111100110111100011110000110011100010001100110011110011000111|
00100100000100100100000000001000000100000010000000000101010010101000100100100000111000110100010101000000100000010101100011000000000010010010000001100011000000001000001001000010100101100000100000110001000|
01100101001011111011101111011010110100100000100010101101011010110110010101110100001010111001011110110000110001001100101010000011110011101011110011000000001010001010001111101000000100111010101010010000101|
10111101000001101000101010001000101010110010100000100101011111110010001001000111011000101001111100110000101100100000100001010110011000110011110111100010000010000100000111101100001010001100100011110001000|
01100111100101111011000111101110100001100100111101001101101111111111010010101000001011011101010111101001110001110110101110001111100001010101010000110110111001100010100111101101111111101001000011010100110|
10000110000101100011000101101011100110100110100010101001000010000000010000110110001000011000010010010100010000000000001101100100010011100001011011101000010001000010000010110000110101001011000001011000010|
10000000000001100001001100001010100001010000100100011111010111010100001100001010100000011010000101100000000000101000000000100100100001100001000100100001010000010001000001001000101010110000000000010000011|
01110101000000000010001010011111100000100000100100000001010101000000001100000000001000010100000010011001010000110101111101011000000000000010100001000010000000001011001010001010000000101001000011001000010|
10100110100000000001110100010010101110100011100000001101011101000010000101101000010000011101000101000100000101001000001000001111100101000000001100010110100010100010000000001100000010000000010000000000100|
00101100100011000010001010101110100001001010110100001001011110001011011000001100111010011100011111010001010100001000000001001010110001010010001101110110000000011011000110001000010111001010001010110101110|
10100100000001011000000000011110100000101000100101001101010010000000111011011000001001010100011011100000101000010100101000000000100011001010101101001100011011011111001010001001000100101100000010101000100|
00100100001101000001010001100010000101000000010000011101010101001010000110000010001011101001010000101010010010100000001001000100000001000101010000101000000001000100011000000011100001010000000000000000000|
00100000100000000001111010001010000010100001111001000001011000011000011000001011000100110001001111010010000010000000001001000010100000000001000101000000000010010000110100001100100000010000011000000100100|
00100000000001010000000111001000100000010101110000011010001001000000001000000011100000000000011001000010001000000000000010100001001001000100101001000010000011010000000010000110000101100000001011101001001|
10111000001101100010001101011001000010101100101000000111001111010000000010000100101000101001110101000001000000011000101110000011100010000001000000111100000111100101100011100000010110001100001100100000010|
10110100010001100000110001001011111101110110100100011011111001010010011111101110100110010101001010000001010001000001001000110010110000010000000011000110100001000111000010101000010010001100001110000000001|
10111100000001000100001011011011100000101001100000010001010000110011011000101000101000101000010000110101000000100000001011000010000000000000010110101010000100000111000010011000101101111011001010010011101|
01100100101101000001010111101010000001000000100100011011010011000000000000100010001010101001010000001010000000100100010001000000000001000101000001100100000000000101011000001101000001010000100000010000100|
00100100001101100000101110001000110000110110101000000010111000100100000000001010000000111101000001011010000000010000100001000011000101000001000001111110101000000101001010101000110100000100000011010000000|
10010100000001100101110101011010110000011000110000001111011101000000000001010011000000110100001001110000010000000100000101000000001111100011100000011000000010010100000011101001100010000000000000011000110|
00101101000001100000001000011010100001100100110010001111011010011100101000011000001011101111000100101000110111000000110110000111100001001001000111101010000010000000000110001010001110111101101000000100000|
00000100100001110000000110111011100100101010101011001001011101010000011000000100001100011101010010000001100000001001100000010101010101111001100010101111110010001111000010000000011100001000010010101001010|
11100000100001000011000111001010100010110010101111111001111111001111011001100011011101010000100110010000111000001000100011100001001001000011000110101000001000100000100010101000001000011010101010010100001|
00010100001101011001000101001010100001100100110101001011010100000111101011001011001000110000010101000000100000011000010000100101011001011001110001001000010010000100100010001000101100100110001000000000100|